0.00 3267.19 5389.62 1041.57 5912.87 4157.48 5754.69 4612.24 4943.85 6686.61 7557.91 5894.56 3779.31 1974.64 4103.31 686.58 7282.34 6860.93 7055.71 1726.96 
3267.19 0.00 2725.82 3946.09 2704.43 1220.53 2736.77 1907.94 3814.51 3525.61 8587.44 5144.50 5202.53 5196.25 1743.56 3318.75 7254.41 3650.80 6841.45 2825.47 
5389.62 2725.82 0.00 5673.42 1675.09 3212.50 3703.17 833.10 2445.98 1876.88 7930.57 3612.68 5506.71 7350.50 4010.23 5134.98 5904.01 3596.00 5403.05 5465.30 
1041.57 3946.09 5673.42 0.00 6449.11 4971.01 6578.32 4967.92 4755.98 7166.22 6648.08 5509.98 2914.34 1918.82 5018.51 628.88 6623.76 7595.58 6455.67 2767.05 
5912.87 2704.43 1675.09 6449.11 0.00 2478.18 2275.17 1743.26 4092.40 850.99 9563.75 5287.60 6881.97 7872.01 3224.22 5844.96 7579.10 1923.58 7077.66 5477.88 
4157.48 1220.53 3212.50 4971.01 2478.18 0.00 1607.38 2534.57 4833.58 3320.71 9788.91 6175.23 6421.01 5966.36 801.63 4344.77 8356.63 2746.88 7921.73 3230.91 
5754.69 2736.77 3703.17 6578.32 2275.17 1607.38 0.00 3318.24 5834.13 2908.79 11085.14 7144.29 7892.50 7520.06 1818.82 5951.84 9411.34 1367.57 8939.89 4687.13 
4612.24 1907.94 833.10 4967.92 1743.26 2534.57 3318.24 0.00 2524.69 2270.41 7907.23 3826.07 5140.91 6582.68 3312.37 4404.12 6098.27 3520.36 5622.76 4632.39 
4943.85 3814.51 2445.98 4755.98 4092.40 4833.58 5834.13 2524.69 0.00 4294.73 5484.66 1341.66 3470.31 6660.57 5521.87 4421.86 3577.27 5984.40 3112.03 5774.22 
6686.61 3525.61 1876.88 7166.22 850.99 3320.71 2908.79 2270.41 4294.73 0.00 9769.44 5363.20 7350.04 8655.29 4051.22 6575.53 7623.66 2164.49 7108.84 6319.02 
7557.91 8587.44 7930.57 6648.08 9563.75 9788.91 11085.14 7907.23 5484.66 9769.44 0.00 4488.55 3783.29 8095.15 10292.64 6879.81 2639.69 11424.40 3095.17 9169.84 
5894.56 5144.50 3612.68 5509.98 5287.60 6175.23 7144.29 3826.07 1341.66 5363.20 4488.55 0.00 3500.87 7425.02 6860.38 5296.87 2292.88 7205.63 1801.01 6929.03 
3779.31 5202.53 5506.71 2914.34 6881.97 6421.01 7892.50 5140.91 3470.31 7350.04 3783.29 3500.87 0.00 4577.79 6794.50 3098.25 3882.54 8528.93 3828.95 5391.51 
1974.64 5196.25 7350.50 1918.82 7872.01 5966.36 7520.06 6582.68 6660.57 8655.29 8095.15 7425.02 4577.79 0.00 5761.91 2275.21 8420.62 8708.62 8293.98 2932.24 
4103.31 1743.56 4010.23 5018.51 3224.22 801.63 1818.82 3312.37 5521.87 4051.22 10292.64 6860.38 6794.50 5761.91 0.00 4411.23 8995.50 3142.75 8577.41 2882.66 
686.58 3318.75 5134.98 628.88 5844.96 4344.77 5951.84 4404.12 4421.86 6575.53 6879.81 5296.87 3098.25 2275.21 4411.23 0.00 6611.70 6967.44 6396.87 2338.32 
7282.34 7254.41 5904.01 6623.76 7579.10 8356.63 9411.34 6098.27 3577.27 7623.66 2639.69 2292.88 3882.54 8420.62 8995.50 6611.70 0.00 9498.23 521.96 8614.80 
6860.93 3650.80 3596.00 7595.58 1923.58 2746.88 1367.57 3520.36 5984.40 2164.49 11424.40 7205.63 8528.93 8708.62 3142.75 6967.44 9498.23 0.00 8998.84 5956.10 
7055.71 6841.45 5403.05 6455.67 7077.66 7921.73 8939.89 5622.76 3112.03 7108.84 3095.17 1801.01 3828.95 8293.98 8577.41 6396.87 521.96 8998.84 0.00 8322.15 
1726.96 2825.47 5465.30 2767.05 5477.88 3230.91 4687.13 4632.39 5774.22 6319.02 9169.84 6929.03 5391.51 2932.24 2882.66 2338.32 8614.80 5956.10 8322.15 0.00 
