0.00 8486.92 1883.77 4472.91 1611.52 3575.91 7979.08 6621.42 1343.73 3869.10 6478.82 9248.46 1443.31 5716.73 4199.23 6872.88 6507.33 4487.10 2522.88 426.57 8355.89 6140.74 2233.66 6383.49 3575.52 1796.23 1507.49 5327.10 8090.25 5595.76 6024.77 3147.90 5281.97 4898.95 3820.42 2575.14 3861.09 7896.48 1722.58 662.94 7163.02 5522.40 2181.85 3737.31 7646.62 4771.58 8585.15 7812.13 2067.66 2405.83 4132.27 7892.59 7092.96 779.63 5979.55 6200.18 4441.10 3973.67 1086.06 5809.46 4017.17 1442.39 1487.67 5070.77 8235.46 4927.14 6540.03 7139.74 2361.28 7768.13 5644.70 2365.71 6115.02 3069.20 4103.07 7800.03 1733.82 5177.60 5418.73 8758.98 7004.22 475.44 1879.40 8767.91 1735.23 6162.02 8628.86 7013.07 4635.86 4593.53 3304.57 2494.38 5173.99 6102.67 6512.28 5486.14 7129.82 6702.82 2502.37 2234.40 7173.94 6584.64 5992.83 2047.74 3301.25 3057.58 7026.59 418.09 3052.00 1052.21 8050.98 5161.52 3072.58 7710.77 3934.52 3117.35 7560.78 789.36 7414.74 8073.23 
8486.92 0.00 7972.90 8105.61 10093.19 5964.32 6270.49 1868.73 9041.39 5190.42 9152.24 2844.27 9929.44 7021.86 8680.47 9614.00 4086.17 4505.79 10551.50 8912.24 322.75 5582.98 10686.30 8237.42 8322.57 7422.98 9841.50 7450.94 2057.19 7653.41 5222.19 9353.10 4981.83 3752.74 8767.80 8191.85 4687.87 5730.43 7243.75 9146.13 2146.65 9376.41 7979.64 4754.98 5817.71 4615.43 2161.22 1966.47 9081.82 6230.60 6647.80 5102.62 4791.85 7707.35 8955.86 2295.24 8871.00 4707.41 9502.33 9005.26 7001.53 8012.17 7000.98 5850.67 7070.37 6935.37 9192.59 4751.65 7684.55 2184.27 9387.56 6449.25 8538.46 5573.92 6299.88 3671.49 6781.03 7727.52 7981.21 285.98 1616.57 8788.71 10358.53 991.96 10050.77 7692.59 145.75 3726.55 5582.40 3903.61 11447.22 9070.86 9289.37 9076.04 8443.73 8269.74 1423.27 8710.69 10923.45 8810.07 6082.29 3640.14 8008.68 6449.89 7613.90 10512.33 4480.69 8904.10 6024.90 9075.90 6510.60 7381.82 5477.35 1276.30 9111.99 5476.84 1642.96 8152.10 1579.53 473.66 
1883.77 7972.90 0.00 2590.68 2985.20 4419.38 8874.39 6193.74 3227.13 2836.45 4610.06 8170.26 2737.46 3901.69 2371.74 5019.30 5209.85 3535.54 4276.49 2053.14 7910.42 6985.54 3628.26 4502.13 1723.01 3130.70 3191.73 6658.16 7145.78 3727.82 6776.15 4985.20 5937.80 4220.19 2035.50 738.20 3354.83 8685.31 896.03 2160.10 6290.55 3712.23 3786.91 3421.77 8472.44 3631.58 7613.97 6903.63 1109.83 2929.07 5288.05 8546.39 5620.76 1738.40 4112.33 5814.59 2628.84 3269.47 2174.69 3949.87 2222.11 444.49 1852.41 5993.07 9268.62 3122.16 4671.82 5674.35 3858.28 6813.26 3828.31 1579.63 4232.14 2457.65 2477.70 6531.73 1779.20 6579.02 3536.96 8257.56 6691.24 2344.25 3011.23 8045.01 3402.96 4298.49 8104.28 5761.20 5451.13 4345.23 4941.34 1198.52 3375.53 4239.23 4628.84 3602.66 6552.65 4819.36 3935.59 888.81 8089.13 6908.61 4114.03 2343.58 1430.26 4915.44 7577.40 2053.08 1960.70 1510.40 8989.29 6486.18 3230.09 7452.83 2224.47 2584.99 6761.11 2469.68 6661.21 7621.79 
4472.91 8105.61 2590.68 0.00 5364.03 6429.21 10634.50 6642.43 5816.64 3295.85 2046.80 7382.61 5112.27 1783.51 713.00 2493.51 4359.43 3811.63 6776.36 4607.32 8146.89 8787.01 5954.99 1950.28 974.68 5555.03 5689.97 8887.01 6684.89 1314.10 8503.55 7563.03 7640.45 4694.85 1062.83 1920.45 4329.84 10346.23 3104.94 4677.56 6055.01 1436.70 6284.18 4596.68 10179.92 3537.77 7060.60 6530.46 2886.76 4965.76 7450.19 10074.55 4307.47 4256.85 1561.11 6374.40 802.38 4020.41 4570.54 1432.59 1179.11 3034.70 4130.66 7926.24 11150.48 1299.55 2109.48 4369.58 6305.05 6371.96 1507.19 3202.37 1642.34 3696.01 1863.88 5543.76 3921.48 8863.64 1003.31 8384.58 7232.87 4927.55 5268.50 7857.62 5884.47 1870.46 8210.37 4910.77 7336.52 5348.98 7347.75 2476.23 1233.38 1698.46 2054.90 1016.53 6742.00 2231.46 6260.59 2522.55 9900.84 8193.36 1591.17 4404.70 1242.08 7477.48 9053.04 4608.61 2904.93 3904.68 10787.69 8716.13 4920.14 7988.25 1315.43 3848.33 6583.35 5036.92 6569.03 7875.98 
1611.52 10093.19 2985.20 5364.03 0.00 4909.80 9105.18 8226.11 1596.54 5419.40 7214.95 10826.06 252.45 6861.93 4909.40 7536.79 8017.35 6061.71 1508.20 1192.94 9957.19 7350.09 655.63 7313.53 4393.25 3042.01 633.80 6177.08 9685.38 6616.22 7292.87 3251.33 6624.66 6506.31 4483.98 3480.91 5471.46 9093.90 3183.63 970.36 8763.57 6115.67 3043.04 5347.54 8826.35 6311.42 10178.07 9410.68 2506.05 3944.45 5221.93 9168.20 8534.50 2389.61 6722.89 7803.22 5101.81 5573.48 812.39 6527.49 5202.89 2631.73 3098.43 6273.24 9253.67 6093.58 7271.93 8584.85 3329.99 9361.12 6246.43 3912.11 6965.50 4665.56 5436.55 9326.00 3343.14 5957.46 6363.05 10363.94 8596.49 1331.84 423.27 10379.08 680.13 7190.65 10235.57 8540.45 5923.01 6194.47 1984.76 2959.67 5760.44 6826.10 7407.06 6365.84 8740.63 7554.12 956.33 2847.67 8306.25 8032.17 6951.82 3645.12 4364.90 2391.43 8371.72 1200.22 4567.09 1487.26 9145.18 6027.63 4651.02 9292.03 4476.19 4720.95 9167.88 2047.80 9024.00 9675.74 
3575.91 5964.32 4419.38 6429.21 4909.80 0.00 4479.75 4220.23 3468.15 3711.37 8394.77 7684.13 4842.90 6793.76 6536.84 8877.98 5869.28 3817.78 4865.37 3946.71 5738.69 2601.20 5353.21 7903.86 5891.45 1867.80 4448.91 2546.51 6393.08 7030.95 2453.15 3391.11 1718.14 3501.06 6312.18 5084.72 2762.17 4345.04 3556.46 4165.87 5474.01 7816.67 2129.06 2390.56 4108.43 4337.94 6876.07 6084.26 5261.61 1503.09 1113.06 4316.76 6772.82 2984.84 7948.52 3816.22 6807.13 3152.22 4638.10 7849.74 5412.80 4122.35 2578.60 1574.80 4849.25 6117.36 8456.47 6793.06 1808.13 6139.91 7908.39 3230.13 7850.71 2872.98 4996.26 6849.52 2649.74 2614.51 7066.44 6189.90 4347.91 3627.02 5287.53 6567.93 4610.84 7476.98 6108.92 6161.99 1067.69 2528.72 5747.52 5547.04 7529.74 8091.90 8094.54 7261.84 4894.88 8355.22 5511.00 5227.39 3683.95 3170.28 7506.31 2093.81 5245.47 4638.26 3467.86 3937.03 3606.76 4562.61 4581.41 2385.28 1599.29 4881.11 6568.96 2744.86 5661.31 2892.44 5452.12 5495.46 
7979.08 6270.49 8874.39 10634.50 9105.18 4479.75 0.00 5589.06 7525.64 7483.98 12460.00 8993.93 9094.13 10578.49 10855.82 12959.26 8644.63 7238.58 8602.02 8309.76 5947.88 1888.89 9414.11 11810.74 10237.21 6188.45 8546.68 3188.14 7868.09 10971.09 2132.92 6494.56 2996.31 6494.49 10681.17 9508.64 6391.50 544.98 7992.52 8509.09 7269.63 12064.47 6064.22 6075.25 502.76 7729.69 8194.51 7616.22 9741.36 5946.26 3886.79 1188.26 9611.83 7451.26 12062.10 5462.25 11121.86 6762.17 8991.49 11998.56 9512.92 8596.59 7052.04 2918.42 800.33 10041.74 12518.53 9605.42 5776.00 7783.95 12141.20 7540.89 11866.31 6938.57 8954.33 9079.51 7095.22 3509.68 11101.04 6318.47 5187.44 7939.64 9515.69 7239.28 8653.90 11314.62 6364.87 8663.96 3425.84 5507.12 9364.22 10021.21 11810.58 12206.23 12018.32 11336.92 6169.75 12296.10 9493.61 9700.87 805.24 2951.51 11441.98 6530.97 9539.93 8008.31 1921.73 8300.22 7729.74 9002.76 240.18 3282.70 5753.62 5043.90 10961.94 6786.18 7107.42 7231.67 6889.72 5888.91 
6621.42 1868.73 6193.74 6642.43 8226.11 4220.23 5589.06 0.00 7181.73 3502.31 7964.82 3649.94 8064.47 5849.45 7149.26 8452.49 3252.79 2864.93 8694.42 7047.18 1741.07 4413.33 8817.70 7118.77 6720.91 5575.47 7973.25 6025.33 2393.25 6418.13 4024.47 7580.82 3548.18 2019.70 7181.03 6476.47 2859.21 5097.16 5427.09 7281.61 1682.51 8000.26 6162.57 2896.96 5091.47 3109.31 2814.80 2105.32 7302.89 4367.14 5026.68 4556.36 4172.19 5842.10 7694.43 428.83 7364.15 2930.79 7644.06 7709.11 5484.83 6200.52 5137.03 4398.46 6351.37 5594.36 8012.69 4153.64 5877.11 2241.68 8030.55 4640.49 7339.09 3756.84 4783.45 3493.25 4923.40 6263.52 6690.53 2137.82 605.51 6920.08 8495.42 2348.07 8183.03 6573.66 2012.32 3145.09 4017.58 2034.88 9589.01 7327.47 7864.63 7826.17 7332.33 6972.50 698.93 7611.75 9054.78 7052.33 5181.64 2646.74 6829.13 4581.90 5987.35 8684.88 3667.76 7038.96 4279.29 7234.03 5817.55 5929.19 3610.75 1345.83 7522.73 3649.24 1605.53 6284.77 1378.21 1455.01 
1343.73 9041.39 3227.13 5816.64 1596.54 3468.15 7525.64 7181.73 0.00 4901.08 7819.35 10132.83 1634.95 7025.64 5531.18 8208.21 7561.38 5443.81 1515.88 1294.39 8869.91 5801.65 1910.54 7724.25 4914.82 1655.86 1022.14 4581.91 8916.73 6929.41 5770.34 1875.86 5153.73 5692.55 5143.61 3915.53 4644.52 7533.07 2962.89 1346.98 7970.35 6845.01 1464.03 4430.91 7261.00 5802.15 9417.46 8623.78 3297.23 2817.03 3653.47 7637.67 8226.01 1778.44 7319.83 6752.91 5768.09 4847.14 1753.26 7147.58 5327.69 2784.75 2359.79 4730.85 7659.26 6235.29 7880.37 8268.68 1767.64 8607.70 6969.06 3466.06 7458.73 3995.35 5354.01 8814.91 2665.68 4367.63 6759.98 9298.72 7476.58 903.10 2017.43 9446.74 1152.72 7492.84 9186.54 8033.13 4426.64 5163.47 2407.69 3750.29 6493.92 7441.77 7854.79 6829.72 7763.27 8046.41 2045.39 3520.86 6730.21 6635.77 7332.03 2727.83 4639.49 1782.16 6884.91 1289.41 4170.66 2162.22 7559.64 4431.60 3580.69 8121.91 5237.06 4000.63 8314.84 1002.36 8145.49 8598.86 
3869.10 5190.42 2836.45 3295.85 5419.40 3711.37 7483.98 3502.31 4901.08 0.00 4983.42 5416.57 5205.72 3139.79 3709.02 5484.18 2660.97 699.76 6333.68 4249.28 5158.81 5706.03 6068.68 4336.17 3232.80 3743.60 5373.52 6254.00 4329.63 3488.08 5383.13 6082.22 4537.31 1483.25 3697.98 3001.45 1092.80 7150.41 2260.09 4454.67 3456.65 4721.97 4544.48 1429.14 7008.97 905.48 4808.46 4077.58 3930.29 2595.53 4822.95 6831.50 3363.42 3167.51 4605.48 3175.09 3943.95 734.39 4690.07 4562.74 2118.81 2964.47 2542.05 4992.09 8067.33 2557.94 5040.97 3400.75 4400.61 3998.51 4777.79 1508.39 4383.74 969.46 1485.48 3934.48 2235.40 6323.34 3625.28 5476.38 4058.05 4294.84 5580.61 5211.03 5601.04 3858.69 5316.15 3148.06 4395.27 2061.11 7159.96 3885.57 4526.74 4748.36 4541.00 3871.96 3767.85 4816.66 6353.18 3635.40 6795.86 4911.22 3960.71 2302.37 2491.92 6662.37 5805.70 4243.61 886.44 4136.22 7656.71 6095.03 2123.54 4827.72 4036.23 1038.01 3924.74 3899.01 3828.02 4872.76 
6478.82 9152.24 4610.06 2046.80 7214.95 8394.77 12460.00 7964.82 7819.35 4983.42 0.00 7805.27 6968.40 2134.51 2314.15 501.36 5095.71 5338.54 8679.71 6576.86 9256.75 10651.95 7759.95 961.58 2904.81 7600.18 7605.99 10887.62 7422.02 1551.22 10345.23 9594.44 9488.98 6196.91 2733.11 3903.94 6072.36 12133.63 5150.75 6622.28 7009.63 1203.08 8330.88 6385.09 11989.09 4933.06 7696.37 7345.12 4710.59 6962.38 9442.84 11808.12 4641.20 6300.30 499.72 7773.99 2113.32 5714.23 6454.70 687.49 2986.22 5054.12 6171.05 9848.49 13020.20 2443.84 62.78 4699.23 8350.63 7151.84 1079.15 5196.04 625.88 5575.30 3505.75 5979.13 5952.45 10877.99 1359.05 9412.92 8570.23 6921.30 7058.18 8704.76 7786.21 1477.09 9234.27 5552.80 9252.25 7022.31 9174.96 4255.46 1522.75 389.21 795.07 1134.50 7908.74 639.01 8056.41 4388.62 11755.38 9859.40 1145.19 6416.59 3288.02 9432.05 10782.20 6579.10 4801.40 5813.95 12627.25 10717.84 6841.16 9283.34 2758.41 5721.03 7529.13 7072.33 7572.74 9011.14 
9248.46 2844.27 8170.26 7382.61 10826.06 7684.13 8993.93 3649.94 10132.83 5416.57 7805.27 0.00 10617.47 5848.07 8066.31 8192.58 3058.84 4764.58 11627.16 9644.50 3151.99 8033.18 11470.53 6843.69 7915.18 8687.23 10734.69 9668.21 1292.57 6519.24 7648.20 10903.81 7197.54 4449.97 8286.38 8132.63 5490.72 8465.26 7676.09 9857.31 2219.62 8368.96 9392.65 5734.58 8518.60 4550.89 835.16 1601.03 9203.95 7409.28 8599.59 7857.47 3177.70 8506.54 7755.52 3971.41 8184.47 5296.83 10106.37 7866.37 6516.35 8359.03 7823.27 8043.27 9786.56 6085.54 7829.81 3117.45 9148.37 1554.15 8340.70 6916.76 7258.27 6185.73 5909.48 1854.34 7538.59 9897.33 6917.27 2916.22 3869.10 9646.13 10996.89 1863.08 10960.04 6350.44 2798.55 2491.78 7636.00 5195.17 12488.70 9050.00 8389.27 7845.79 7020.58 7191.80 2960.93 7246.05 11748.44 8861.00 8705.76 6167.05 6739.78 7405.15 7336.98 11807.38 7122.15 9638.25 6292.10 9546.46 9232.00 9567.22 6661.88 3962.45 8612.55 6154.77 2057.96 9148.04 2282.04 3138.77 
1443.31 9929.44 2737.46 5112.27 252.45 4842.90 9094.13 8064.47 1634.95 5205.72 6968.40 10617.47 0.00 6610.49 4661.21 7293.44 7792.14 5854.71 1736.33 1017.29 9799.19 7318.37 893.46 7061.93 4141.89 2978.77 771.59 6210.04 9485.82 6363.77 7247.99 3372.15 6560.74 6318.57 4236.53 3228.49 5289.51 9067.76 2960.69 783.77 8568.10 5873.93 3046.58 5177.64 8803.64 6093.94 9977.03 9213.49 2258.29 3817.31 5207.41 9124.49 8298.92 2222.37 6475.68 7643.44 4855.60 5379.48 562.88 6281.00 4953.40 2390.22 2928.67 6240.26 9264.19 5842.91 7025.57 8349.66 3320.59 9160.38 6004.49 3700.86 6715.32 4470.48 5194.01 9103.21 3162.01 6001.25 6111.02 10201.89 8446.15 1224.68 449.07 10198.04 873.33 6938.21 10071.20 8318.37 5870.44 6036.79 2237.08 2713.92 5518.46 6579.69 7156.11 6114.75 8568.19 7304.21 1199.02 2597.12 8292.62 7941.86 6699.77 3489.83 4113.32 2596.20 8310.04 1025.52 4347.24 1236.13 9140.67 6057.21 4507.99 9149.18 4233.47 4530.95 8978.64 1957.22 8838.10 9516.50 
5716.73 7021.86 3901.69 1783.51 6861.93 6793.76 10578.49 5849.45 7025.64 3139.79 2134.51 5848.07 6610.49 0.00 2489.29 2610.26 2990.35 3349.76 8175.95 5943.46 7122.86 8834.70 7488.26 1275.17 2654.01 6388.15 7092.97 9338.18 5340.92 671.73 8502.25 8608.78 7666.03 4165.45 2841.44 3399.54 4219.47 10215.81 4083.58 6061.18 4882.82 2521.17 7179.94 4567.70 10093.85 2891.75 5649.41 5243.87 4497.34 5493.22 7891.71 9846.31 2680.78 5302.43 1952.94 5678.61 2515.12 3831.81 6050.27 2035.32 1699.65 4309.20 4957.93 8129.78 11187.45 790.37 2177.78 2742.54 7125.27 5057.46 2493.60 3823.38 1516.75 3923.03 1825.06 3994.68 4681.22 9378.84 1072.88 7284.62 6454.81 6191.41 6829.91 6603.49 7304.64 743.07 7106.09 3480.07 7532.13 5076.94 8835.27 4140.71 2563.20 2064.11 1489.40 1343.76 5775.29 1771.23 7796.98 4114.87 9913.45 7865.09 989.35 5027.05 2497.34 8774.17 8824.87 5942.56 3243.72 5374.70 10760.29 9174.46 5195.32 7158.45 3096.72 4048.90 5405.39 6123.07 5442.82 6876.66 
4199.23 8680.47 2371.74 713.00 4909.40 6536.84 10855.82 7149.26 5531.18 3709.02 2314.15 8066.31 4661.21 2489.29 0.00 2678.49 5027.79 4288.94 6366.60 4272.83 8705.22 8985.41 5469.38 2475.16 661.53 5472.41 5291.86 8921.78 7331.73 1973.38 8723.70 7338.45 7861.40 5161.69 430.82 1638.23 4677.51 10597.45 3053.87 4310.99 6667.12 1341.32 6154.62 4906.20 10415.95 4074.69 7720.30 7165.40 2403.39 5042.17 7507.51 10363.54 5012.75 4105.26 1817.49 6856.55 270.54 4406.64 4142.08 1629.69 1679.33 2806.84 4099.40 8074.32 11332.75 1998.77 2372.92 5074.73 6211.87 7014.07 1456.57 3325.54 2074.78 3952.11 2382.95 6234.89 3933.75 8871.29 1607.72 8962.20 7728.76 4629.27 4771.32 8477.72 5472.84 2498.98 8790.12 5585.18 7496.30 5718.84 6879.32 1956.20 1013.14 1927.93 2535.21 1519.62 7295.92 2655.85 5769.88 2074.67 10101.95 8534.99 2167.03 4459.56 1316.80 7120.07 9350.75 4275.46 3173.38 3499.86 10997.09 8749.74 5103.81 8492.32 608.95 4106.26 7192.53 4837.36 7165.67 8429.33 
6872.88 9614.00 5019.30 2493.51 7536.79 8877.98 12959.26 8452.49 8208.21 5484.18 501.36 8192.58 7293.44 2610.26 2678.49 0.00 5544.69 5838.91 9016.75 6950.91 9724.56 11148.56 8062.35 1381.65 3300.06 8046.06 7951.96 11362.75 7854.85 2046.93 10843.27 10003.05 9986.37 6695.84 3080.67 4300.31 6572.65 12634.19 5595.92 6984.60 7468.84 1428.57 8766.42 6884.10 12488.95 5430.50 8114.75 7787.61 5043.27 7437.33 9920.02 12309.45 5046.84 6727.52 934.96 8266.63 2452.81 6215.26 6793.09 1071.58 3475.77 5461.47 6624.16 10339.25 13516.95 2944.92 446.13 5103.38 8795.24 7591.21 1296.77 5670.27 1120.48 6067.76 4005.43 6382.32 6412.87 11348.00 1859.16 9872.17 9057.99 7306.95 7359.06 9145.61 8125.51 1922.14 9693.47 5986.89 9743.59 7523.67 9479.88 4581.82 1780.21 795.21 1184.37 1626.77 8384.73 946.58 8354.14 4738.57 12252.94 10360.51 1623.95 6886.19 3734.40 9790.92 11283.53 6953.61 5290.91 6165.83 13125.84 11192.57 7330.46 9767.09 3060.77 6214.25 7985.32 7487.92 8034.70 9481.86 
6507.33 4086.17 5209.85 4359.43 8017.35 5869.28 8644.63 3252.79 7561.38 2660.97 5095.71 3058.84 7792.14 2990.35 5027.79 5544.69 0.00 2172.49 8991.18 6871.54 4223.15 7162.57 8671.88 4163.79 4856.61 6332.21 8014.80 8269.56 2358.53 3649.07 6782.81 8662.45 6069.90 2392.50 5232.59 5104.13 3177.89 8195.54 4833.88 7065.81 1942.46 5458.12 7114.29 3524.71 8142.03 1759.82 2704.63 2253.68 6200.05 5102.19 6946.74 7710.67 971.09 5824.65 4943.21 3237.37 5161.16 2844.27 7254.91 5018.17 3457.52 5448.87 5201.71 6766.92 9357.95 3077.50 5132.61 971.75 6932.62 2067.92 5448.57 4143.14 4494.12 3585.71 2860.53 1321.89 4895.90 8414.25 4014.58 4336.68 3824.47 6944.38 8139.48 3613.62 8242.54 3623.56 4158.19 568.39 6224.02 3448.88 9808.60 6017.65 5432.96 5053.76 4366.95 4300.74 2976.40 4630.08 8964.26 5845.27 8114.35 5718.39 3961.45 4916.56 4285.14 9317.91 6748.24 6866.55 3458.07 6651.57 8858.31 8131.20 4461.81 4428.37 5561.85 3608.84 2446.81 6559.09 2515.78 4001.28 
4487.10 4505.79 3535.54 3811.63 6061.71 3817.78 7238.58 2864.93 5443.81 699.76 5338.54 4764.58 5854.71 3349.76 4288.94 5838.91 2172.49 0.00 6908.35 4880.29 4485.34 5536.41 6706.00 4604.24 3858.05 4161.22 5981.21 6314.44 3646.94 3799.84 5188.85 6489.97 4375.43 883.89 4316.72 3690.07 1056.69 6867.53 2932.48 5092.75 2761.81 5207.85 4941.80 1427.22 6750.48 527.07 4131.18 3388.64 4630.04 2931.52 4924.09 6498.58 2994.01 3756.93 5001.97 2568.97 4509.60 683.38 5350.23 4984.41 2638.81 3653.39 3093.46 4933.95 7867.16 2896.63 5392.79 3021.49 4762.42 3317.45 5251.18 2156.72 4721.14 1448.87 1948.99 3375.30 2797.23 6419.89 3999.45 4791.72 3439.97 4894.86 6239.99 4511.27 6207.73 4090.98 4629.36 2599.64 4350.79 1731.50 7752.54 4580.64 5043.39 5141.37 4815.86 4265.64 3085.84 5097.16 6984.78 4333.63 6592.99 4527.26 4255.89 2756.81 3129.51 7179.17 5475.98 4874.11 1580.02 4813.61 7425.36 6163.90 2319.22 4204.82 4658.89 1450.48 3225.62 4443.98 3128.34 4201.15 
2522.88 10551.50 4276.49 6776.36 1508.20 4865.37 8602.02 8694.42 1515.88 6333.68 8679.71 11627.16 1736.33 8175.95 6366.60 9016.75 8991.18 6908.35 0.00 2237.02 10375.71 7002.12 1200.94 8724.36 5817.84 3139.18 1088.40 5486.26 10420.84 7989.08 7025.25 2216.42 6491.56 7196.32 5947.01 4862.62 6146.28 8678.87 4245.46 2117.02 9476.24 7601.90 2746.92 5942.24 8395.45 7239.03 10921.13 10129.80 3973.65 4332.16 4845.29 8856.48 9607.75 3166.62 8184.04 8265.60 6570.82 6332.55 2225.16 7993.27 6485.24 3868.37 3815.32 5963.80 8625.42 7392.27 8737.81 9653.47 3071.55 10109.30 7731.94 4854.64 8400.18 5461.20 6619.09 10265.30 4111.87 5212.56 7764.16 10807.02 8979.46 2060.44 1802.18 10962.61 894.05 8562.74 10696.81 9480.04 5744.46 6678.86 896.93 4435.15 7246.08 8292.05 8830.08 7788.65 9278.91 8991.02 1076.66 4292.29 7831.42 8028.46 8350.64 4229.29 5700.80 945.44 8182.77 2238.66 5553.38 2874.58 8603.81 5360.80 5096.37 9612.88 5960.37 5478.38 9827.04 2479.48 9659.27 10106.44 
426.57 8912.24 2053.14 4607.32 1192.94 3946.71 8309.76 7047.18 1294.39 4249.28 6576.86 9644.50 1017.29 5943.46 4272.83 6950.91 6871.54 4880.29 2237.02 0.00 8782.08 6488.27 1826.88 6541.62 3676.12 2123.33 1171.32 5578.43 8495.87 5779.88 6386.49 3165.94 5660.20 5313.37 3874.68 2688.09 4279.10 8244.38 2050.43 236.96 7572.10 5571.84 2395.04 4161.19 7989.84 5147.65 8989.48 8219.90 2002.85 2823.43 4440.78 8259.06 7429.90 1205.08 6077.28 6626.23 4501.85 4381.90 691.39 5898.46 4249.79 1634.28 1911.76 5413.53 8539.90 5157.95 6637.06 7478.11 2612.91 8172.42 5697.51 2741.18 6246.74 3474.77 4391.64 8171.84 2150.64 5409.27 5576.93 9184.60 7430.79 427.93 1452.96 9187.24 1394.99 6351.25 9054.05 7385.10 4998.70 5019.89 2967.55 2456.76 5218.79 6194.96 6659.72 5623.85 7552.80 6837.36 2105.02 2234.94 7504.65 6988.29 6158.62 2474.29 3483.20 2870.63 7408.12 9.68 3413.60 875.19 8373.94 5416.21 3497.84 8136.90 3952.71 3528.37 7974.98 1078.10 7831.15 8499.28 
8355.89 322.75 7910.42 8146.89 9957.19 5738.69 5947.88 1741.07 8869.91 5158.81 9256.75 3151.99 9799.19 7122.86 8705.22 9724.56 4223.15 4485.34 10375.71 8782.08 0.00 5278.40 10542.19 8352.77 8326.49 7240.74 9688.64 7164.04 2303.84 7744.31 4920.85 9129.75 4704.11 3698.38 8776.92 8157.11 4594.65 5407.73 7160.25 9017.09 2282.36 9441.24 7777.14 4637.62 5495.68 4631.19 2446.97 2182.46 9020.24 6068.04 6391.33 4779.89 4969.17 7577.19 9044.94 2156.44 8902.64 4640.95 9383.59 9087.12 7026.21 7932.15 6873.83 5571.30 6747.81 7001.59 9298.67 4931.67 7477.84 2399.33 9456.79 6369.86 8639.12 5488.84 6322.26 3893.78 6663.61 7444.58 8061.66 455.54 1401.74 8644.98 10231.99 1309.66 9895.24 7806.18 428.46 3895.85 5319.94 3762.89 11272.31 9025.64 9342.56 9167.78 8561.01 8349.59 1409.74 8830.99 10773.96 8758.33 5763.67 3334.24 8111.74 6312.12 7608.87 10312.81 4162.44 8773.77 5974.73 8974.63 6188.00 7098.20 5322.53 970.15 9120.90 5385.13 1807.95 7996.23 1708.32 288.71 
6140.74 5582.98 6985.54 8787.01 7350.09 2601.20 1888.89 4413.33 5801.65 5706.03 10651.95 8033.18 7318.37 8834.70 8985.41 11148.56 7162.57 5536.41 7002.12 6488.27 5278.40 0.00 7710.14 10041.93 8361.08 4366.41 6821.81 2069.66 6802.65 9188.97 390.35 5037.15 1168.94 4871.92 8801.71 7621.24 4617.05 1756.22 6103.84 6695.98 6059.63 10210.95 4341.54 4279.74 1508.82 6047.88 7201.65 6518.33 7859.99 4057.72 2161.79 1854.57 8132.39 5583.18 10240.50 4172.95 9252.67 5002.92 7176.15 10168.09 7684.02 6710.18 5166.08 1078.21 2368.45 8257.71 10711.49 8134.29 4034.09 6652.62 10291.22 5664.07 10068.96 5095.03 7153.60 7787.61 5206.35 2400.39 9295.55 5711.80 4175.47 6135.02 7750.79 6457.74 6949.11 9561.75 5705.70 7269.34 1539.68 3827.84 7818.58 8134.42 9949.39 10384.88 10245.97 9522.36 5080.51 10520.39 7818.61 7813.94 1116.54 1944.40 9663.59 4642.08 7671.52 6521.05 1380.44 6478.64 5884.22 7149.94 2013.63 2069.47 3882.01 4308.59 9079.01 4944.68 6015.45 5413.37 5788.44 5134.39 
2233.66 10686.30 3628.26 5954.99 655.63 5353.21 9414.11 8817.70 1910.54 6068.68 7759.95 11470.53 893.46 7488.26 5469.38 8062.35 8671.88 6706.00 1200.94 1826.88 10542.19 7710.14 0.00 7900.18 4980.86 3498.34 904.32 6395.97 10321.96 7223.02 7680.75 3275.58 7053.43 7132.08 5040.28 4095.65 6091.83 9436.31 3838.01 1614.25 9396.34 6635.29 3368.92 5953.76 9161.99 6962.71 10815.97 10044.99 3074.16 4496.35 5556.96 9548.06 9189.66 3003.34 7272.85 8392.62 5648.71 6206.50 1454.37 7073.10 5840.08 3283.56 3710.84 6640.81 9512.47 6725.24 7815.58 9240.11 3677.24 9998.90 6766.84 4560.56 7537.48 5300.50 6087.46 9979.59 3966.83 6151.31 6957.21 10954.47 9171.39 1897.65 703.37 10994.87 761.62 7796.61 10829.46 9193.78 6332.54 6783.15 1417.68 3513.20 6282.20 7370.75 7986.08 6947.41 9346.37 8123.19 308.73 3432.44 8623.42 8506.95 7545.80 4237.71 4991.32 2146.14 8790.42 1833.38 5219.94 2121.31 9439.18 6255.73 5222.92 9854.80 5005.92 5350.90 9793.79 2568.81 9646.19 10262.72 
6383.49 8237.42 4502.13 1950.28 7313.53 7903.86 11810.74 7118.77 7724.25 4336.17 961.58 6843.69 7061.93 1275.17 2475.16 1381.65 4163.79 4604.24 8724.36 6541.62 8352.77 10041.93 7900.18 0.00 2920.73 7304.13 7637.13 10433.32 6474.78 873.80 9718.57 9421.36 8873.36 5433.51 2902.25 3863.10 5427.38 11459.48 4891.96 6620.39 6091.33 1820.70 8070.12 5762.72 11330.22 4159.67 6740.94 6405.98 4827.31 6532.55 8983.17 11102.50 3681.01 6093.15 1023.39 6953.05 2362.98 5049.59 6520.81 1206.55 2542.64 4941.21 5859.97 9296.17 12403.29 1793.17 987.66 3738.77 8053.43 6209.81 1734.65 4793.49 502.44 5037.83 2914.29 5018.77 5610.46 10450.96 965.26 8494.09 7723.77 6846.37 7210.08 7764.12 7833.26 547.80 8315.40 4606.24 8697.54 6322.47 9296.59 4402.22 2029.83 1065.31 214.23 958.15 7023.99 496.24 8204.78 4468.95 11131.26 9128.28 405.68 6022.03 3086.20 9411.75 10079.14 6542.47 4301.50 5854.39 11987.77 10266.40 6317.63 8420.79 3037.09 5174.54 6606.17 6897.28 6658.70 8113.22 
3575.52 8322.57 1723.01 974.68 4393.25 5891.45 10237.21 6720.91 4914.82 3232.80 2904.81 7915.18 4141.89 2654.01 661.53 3300.06 4856.61 3858.05 5817.84 3676.12 8326.49 8361.08 4980.86 2920.73 0.00 4811.73 4734.13 8263.34 7094.65 2269.55 8107.25 6703.29 7246.72 4710.15 468.60 1000.71 4140.69 9990.37 2393.35 3731.92 6372.75 1999.48 5498.58 4344.51 9803.17 3709.46 7508.38 6906.55 1912.25 4393.24 6852.31 9773.11 4969.02 3449.96 2405.18 6406.13 929.42 3898.94 3604.20 2234.11 1400.18 2162.97 3438.75 7436.39 10701.18 2006.72 2965.70 5029.63 5552.16 6769.57 2111.60 2697.04 2582.53 3371.25 2056.24 6118.32 3277.23 8210.85 1977.90 8606.88 7286.90 4016.50 4293.83 8186.74 4924.50 2835.81 8438.24 5423.43 6862.35 5187.91 6375.88 1509.10 1674.67 2527.21 3015.37 1973.53 6918.17 3173.57 5286.22 1548.59 9477.23 7975.20 2565.83 3808.10 746.71 6539.77 8766.05 3678.08 2610.95 2943.36 10374.26 8091.25 4483.83 8055.34 803.43 3524.63 6890.29 4192.52 6844.78 8045.68 
1796.23 7422.98 3130.70 5555.03 3042.01 1867.80 6188.45 5575.47 1655.86 3743.60 7600.18 8687.23 2978.77 6388.15 5472.41 8046.06 6332.21 4161.22 3139.18 2123.33 7240.74 4366.41 3498.34 7304.13 4811.73 0.00 2595.26 3585.90 7437.09 6448.28 4275.74 2339.07 3583.68 4243.38 5161.38 3864.78 3228.88 6122.14 2450.25 2329.61 6487.32 6810.62 807.32 2954.72 5866.65 4595.43 7937.45 7136.40 3721.91 1278.19 2337.22 6151.68 7101.25 1416.75 7115.93 5147.45 5737.09 3504.64 2809.86 6977.47 4770.20 2734.10 1444.21 3290.64 6439.88 5622.55 7662.94 7136.23 751.22 7141.10 6920.46 2568.50 7137.36 2775.79 4584.16 7513.54 1707.35 3473.15 6375.00 7675.04 5842.51 1772.77 3421.68 7874.71 2769.12 6971.74 7568.56 6750.79 2893.36 3587.51 4036.04 4087.29 6484.79 7252.11 7467.51 6510.66 6181.83 7697.86 3672.29 3784.84 5383.22 5008.64 6898.76 1443.89 4312.95 3135.23 5332.18 2113.74 3209.90 2837.87 6256.69 3416.39 2031.66 6474.36 5353.74 2730.78 6792.33 1046.97 6610.62 6973.76 
1507.49 9841.50 3191.73 5689.97 633.80 4448.91 8546.68 7973.25 1022.14 5373.52 7605.99 10734.69 771.59 7092.97 5291.86 7951.96 8014.80 5981.21 1088.40 1171.32 9688.64 6821.81 904.32 7637.13 4734.13 2595.26 0.00 5576.27 9558.91 6900.79 6784.60 2618.41 6150.20 6347.26 4875.67 3774.75 5299.03 8554.97 3214.06 1031.79 8623.70 6543.94 2486.16 5135.93 8283.11 6277.14 10056.36 9275.57 2911.81 3626.19 4675.52 8654.66 8593.20 2228.20 7109.04 7546.27 5501.62 5444.04 1164.95 6920.63 5405.76 2789.79 2920.31 5749.47 8670.81 6311.06 7664.60 8640.72 2787.93 9240.23 6673.13 3872.65 7316.65 4548.97 5562.72 9306.25 3197.14 5348.28 6676.38 10106.51 8309.56 1088.80 1050.71 10182.50 227.75 7474.52 9985.45 8519.33 5431.47 5939.08 1800.39 3376.20 6188.08 7219.23 7744.27 6703.20 8519.74 7907.70 1090.53 3217.53 7751.90 7603.54 7262.63 3409.79 4613.72 1859.36 7888.76 1174.27 4559.17 1793.21 8578.84 5429.97 4366.26 8982.63 4903.43 4584.61 9003.36 1693.77 8847.90 9411.50 
5327.10 7450.94 6658.16 8887.01 6177.08 2546.51 3188.14 6025.33 4581.91 6254.00 10887.62 9668.21 6210.04 9338.18 8921.78 11362.75 8269.56 6314.44 5486.26 5578.43 7164.04 2069.66 6395.97 10433.32 8263.34 3585.90 5576.27 0.00 8390.51 9559.57 2333.15 3325.39 2489.43 5877.31 8652.61 7374.20 5270.25 3379.59 5872.44 5742.52 7547.38 10235.88 3190.69 4896.98 3087.05 6840.30 8834.48 8089.14 7307.69 3925.50 1450.15 3734.93 9206.20 4994.52 10428.92 5698.99 9191.62 5667.41 6217.07 10317.71 7920.81 6290.23 4830.32 1627.28 3139.38 8652.82 10949.85 9220.69 2968.93 8189.20 10335.49 5692.50 10360.14 5415.44 7534.05 9121.33 4989.34 340.05 9576.55 7612.09 5925.55 5167.35 6598.97 8251.67 5650.03 10016.07 7583.15 8495.68 2070.47 4825.59 6209.12 7669.46 9930.54 10570.94 10620.62 9759.87 6722.59 10877.25 6437.84 7363.35 2487.99 3895.81 10033.23 4482.97 7670.54 4837.56 3449.14 5569.57 6131.84 6379.05 3154.89 172.20 4145.63 6201.26 8875.20 5289.91 7611.20 4538.45 7386.30 6984.98 
8090.25 2057.19 7145.78 6684.89 9685.38 6393.08 7868.09 2393.25 8916.73 4329.63 7422.02 1292.57 9485.82 5340.92 7331.73 7854.85 2358.53 3646.94 10420.84 8495.87 2303.84 6802.65 10321.96 6474.78 7094.65 7437.09 9558.91 8390.51 0.00 6004.08 6414.73 9630.07 5929.78 3224.61 7500.22 7188.95 4274.64 7351.56 6579.41 8715.04 949.84 7816.38 8128.10 4494.79 7381.63 3520.72 501.05 308.82 8214.46 6161.53 7307.89 6765.06 2859.42 7333.85 7292.91 2691.65 7482.38 4117.28 8991.22 7373.33 5702.09 7294.06 6638.98 6768.24 8650.83 5421.07 7455.57 2811.00 7877.66 332.71 7807.07 5799.57 6831.89 5021.48 5043.29 1634.08 6364.16 8614.69 6372.88 2238.29 2685.80 8470.77 9879.47 1314.78 9782.23 5944.96 2074.46 1869.23 6350.47 3913.92 11292.02 8104.81 7785.81 7399.99 6670.82 6658.72 1725.74 6922.98 10592.34 7890.26 7527.49 4979.93 6299.90 6191.62 6457.86 10566.35 5966.93 8489.16 5215.85 8460.50 8103.16 8286.64 5406.54 2926.85 7837.75 4975.85 787.78 7942.56 1015.09 2192.20 
5595.76 7653.41 3727.82 1314.10 6616.22 7030.95 10971.09 6418.13 6929.41 3488.08 1551.22 6519.24 6363.77 671.73 1973.38 2046.93 3649.07 3799.84 7989.08 5779.88 7744.31 9188.97 7223.02 873.80 2269.55 6448.28 6900.79 9559.57 6004.08 0.00 8870.30 8593.50 8021.29 4650.83 2365.90 3136.82 4580.87 10629.50 4054.46 5874.38 5522.07 1851.18 7220.72 4909.49 10493.97 3383.79 6318.28 5900.57 4173.33 5659.67 8109.42 10287.14 3349.36 5264.98 1302.69 6223.15 1950.62 4209.78 5811.92 1369.28 1678.98 4158.67 5004.38 8430.32 11553.28 931.26 1602.10 3410.92 7196.09 5716.98 1821.92 3924.91 926.54 4166.95 2046.30 4666.14 4749.36 9577.39 416.88 7919.44 7023.30 6064.46 6545.56 7258.95 7103.99 574.62 7741.21 4147.15 7831.79 5500.78 8600.33 3778.61 1909.66 1423.48 1064.86 673.73 6381.03 1333.17 7530.45 3799.81 10282.91 8326.26 476.85 5152.40 2297.94 8642.40 9262.01 5780.06 3427.78 5138.20 11144.74 9392.61 5446.42 7741.41 2579.23 4304.83 6047.49 6076.15 6076.69 7492.87 
6024.77 5222.19 6776.15 8503.55 7292.87 2453.15 2132.92 4024.47 5770.34 5383.13 10345.23 7648.20 7247.99 8502.25 8723.70 10843.27 6782.81 5188.85 7025.25 6386.49 4920.85 390.35 7680.75 9718.57 8107.25 4275.74 6784.60 2333.15 6414.73 8870.30 0.00 5130.62 863.50 4506.37 8553.24 7394.31 4291.20 1910.36 5887.47 6600.43 5669.34 9932.44 4322.99 3962.61 1699.87 5696.14 6816.04 6129.67 7681.31 3859.74 2187.18 1876.52 7753.17 5433.79 9940.67 3782.61 8989.48 4671.89 7077.17 9873.36 7387.65 6518.46 4979.44 1063.67 2685.45 7939.34 10404.30 7754.35 4007.15 6263.13 10009.87 5412.30 9757.08 4807.61 6841.90 7398.29 4999.32 2651.47 8987.16 5358.31 3794.86 6048.49 7686.06 6085.94 6922.39 9232.64 5347.04 6883.60 1388.91 3470.85 7860.06 7939.20 9677.70 10084.95 9923.99 9218.56 4693.58 10199.79 7803.61 7618.43 1412.73 1594.10 9343.67 4435.34 7407.55 6591.45 1194.63 6376.82 5598.62 7015.61 2285.30 2309.60 3623.53 3950.72 8837.40 4655.63 5627.34 5319.14 5400.25 4769.54 
3147.90 9353.10 4985.20 7563.03 3251.33 3391.11 6494.56 7580.82 1875.86 6082.22 9594.44 10903.81 3372.15 8608.78 7338.45 10003.05 8662.45 6489.97 2216.42 3165.94 9129.75 5037.15 3275.58 9421.36 6703.29 2339.07 2618.41 3325.39 9630.07 8593.50 5130.62 0.00 4757.94 6501.96 6966.41 5704.11 5524.54 6625.47 4541.07 3220.97 8686.24 8667.53 1548.28 5220.60 6335.74 6932.64 10125.72 9323.90 5166.44 3567.33 2972.75 6875.32 9440.16 3329.01 9097.24 7165.46 7584.47 5824.16 3603.30 8934.69 6939.03 4541.99 3674.34 4078.67 6456.62 7826.44 9656.34 9474.93 1758.41 9349.87 8788.79 4840.59 9195.18 5114.83 6843.29 9821.23 3970.90 3031.56 8466.03 9580.67 7737.34 2757.34 3660.90 9925.89 2607.87 9141.10 9497.98 9067.51 4011.71 5718.97 2885.88 5614.67 8320.40 9224.43 9566.82 8562.98 8237.38 9775.39 3247.03 5372.94 5751.97 6360.19 9020.95 3780.61 6346.39 1513.92 6322.28 3160.43 5513.37 4037.33 6475.39 3215.58 4268.44 8266.00 7081.23 5068.51 8940.59 2527.41 8743.55 8885.31 
5281.97 4981.83 5937.80 7640.45 6624.66 1718.14 2996.31 3548.18 5153.73 4537.31 9488.98 7197.54 6560.74 7666.03 7861.40 9986.37 6069.90 4375.43 6491.56 5660.20 4704.11 1168.94 7053.43 8873.36 7246.72 3583.68 6150.20 2489.43 5929.78 8021.29 863.50 4757.94 0.00 3738.57 7694.13 6544.75 3448.11 2752.82 5045.74 5881.36 5119.30 9069.01 3748.57 3111.80 2556.64 4890.37 6362.55 5632.71 6865.57 3039.06 1802.56 2632.04 7035.21 4653.98 9081.45 3243.14 8126.91 3834.37 6351.30 9012.50 6527.04 5693.77 4163.50 869.75 3532.69 7090.04 9548.28 7040.46 3424.67 5745.02 9146.62 4553.38 8903.58 3944.66 5988.01 6778.04 4166.10 2750.43 8131.65 5156.59 3437.34 5345.06 7004.91 5763.82 6303.90 8392.81 5117.12 6215.00 753.44 2681.60 7354.03 7109.60 8814.28 9225.78 9077.62 8360.87 4242.45 9352.32 7198.94 6789.01 2266.70 1606.04 8495.63 3604.22 6545.02 6151.46 1749.75 5650.52 4735.55 6246.38 3147.48 2407.26 2764.03 3753.78 7980.56 3792.89 5145.38 4610.33 4919.00 4512.09 
4898.95 3752.74 4220.19 4694.85 6506.31 3501.06 6494.49 2019.70 5692.55 1483.25 6196.91 4449.97 6318.57 4165.45 5161.69 6695.84 2392.50 883.89 7196.32 5313.37 3698.38 4871.92 7132.08 5433.51 4710.15 4243.38 6347.26 5877.31 3224.61 4650.83 4506.37 6501.96 3738.57 0.00 5173.08 4463.64 1050.85 6097.03 3510.84 5538.95 2280.68 6091.34 4969.73 1288.98 5999.04 1273.95 3725.12 2934.11 5329.10 2965.60 4562.22 5695.11 3333.72 4131.04 5872.56 1697.00 5386.37 962.58 5849.81 5860.35 3520.49 4271.43 3428.45 4391.35 7156.14 3761.83 6249.95 3345.95 4744.26 2915.52 6133.87 2713.19 5575.88 1860.34 2832.78 3363.54 3165.27 6022.76 4867.46 4037.53 2576.81 5261.68 6728.45 3889.17 6568.87 4908.46 3884.20 2661.08 3837.80 1067.30 8068.95 5327.29 5926.97 6010.82 5646.74 5137.35 2333.07 5928.92 7394.52 5060.82 5888.02 3702.92 5098.14 2967.05 3972.56 7357.55 4680.52 5306.14 2276.39 5372.31 6691.34 5738.69 2234.08 3345.75 5513.20 1788.21 2661.85 4718.56 2520.10 3410.50 
3820.42 8767.80 2035.50 1062.83 4483.98 6312.18 10681.17 7181.03 5143.61 3697.98 2733.11 8286.38 4236.53 2841.44 430.82 3080.67 5232.59 4316.72 5947.01 3874.68 8776.92 8801.71 5040.28 2902.25 468.60 5161.38 4875.67 8652.61 7500.22 2365.90 8553.24 6966.41 7694.13 5173.08 0.00 1297.79 4608.99 10440.91 2782.30 3904.05 6797.92 1702.17 5820.87 4810.51 10250.75 4152.46 7904.59 7319.96 1978.25 4810.35 7253.23 10230.57 5285.19 3773.63 2239.19 6869.66 627.98 4367.17 3721.87 2046.31 1799.15 2458.16 3822.29 7865.31 11135.11 2279.29 2790.94 5346.63 5892.98 7177.62 1825.50 3140.95 2505.59 3834.44 2480.82 6472.03 3680.08 8589.44 2017.21 9051.55 7749.43 4240.59 4341.62 8612.09 5053.79 2905.74 8881.93 5796.38 7295.68 5656.31 6451.26 1527.53 1354.04 2345.11 2965.36 1945.07 7367.74 3086.41 5340.30 1658.91 9917.16 8440.47 2586.05 4221.76 1215.25 6710.50 9225.56 3877.68 3077.99 3086.27 10815.32 8480.41 4930.13 8517.31 344.19 3987.48 7318.45 4481.84 7278.73 8497.17 
2575.14 8191.85 738.20 1920.45 3480.91 5084.72 9508.64 6476.47 3915.53 3001.45 3903.94 8132.63 3228.49 3399.54 1638.23 4300.31 5104.13 3690.07 4862.62 2688.09 8157.11 7621.24 4095.65 3863.10 1000.71 3864.78 3774.75 7374.20 7188.95 3136.82 7394.31 5704.11 6544.75 4463.64 1297.79 0.00 3713.31 9297.51 1528.52 2757.87 6383.81 2976.81 4524.99 3843.30 9094.02 3680.43 7637.03 6968.11 1136.59 3583.22 5989.30 9128.15 5392.85 2476.60 3404.54 6121.64 1892.49 3555.06 2675.15 3234.80 1814.25 1168.70 2549.14 6652.09 9928.86 2653.85 3965.06 5450.04 4595.22 6857.09 3094.17 2037.51 3558.65 2851.22 2256.26 6414.83 2435.49 7302.79 2901.63 8477.81 7006.68 3018.92 3430.91 8176.14 3973.27 3711.43 8317.27 5669.05 6096.49 4745.21 5464.13 918.08 2638.30 3527.59 3974.84 2936.73 6769.27 4149.33 4404.04 758.01 8731.60 7421.64 3488.07 2992.30 920.01 5557.47 8141.84 2689.57 2201.27 2001.52 9631.90 7202.05 3796.36 7775.67 1501.08 2994.94 6878.46 3199.12 6801.01 7870.23 
3861.09 4687.87 3354.83 4329.84 5471.46 2762.17 6391.50 2859.21 4644.52 1092.80 6072.36 5490.72 5289.51 4219.47 4677.51 6572.65 3177.89 1056.69 6146.28 4279.10 4594.65 4617.05 6091.83 5427.38 4140.69 3228.88 5299.03 5270.25 4274.64 4580.87 4291.20 5524.54 3448.11 1050.85 4608.99 3713.31 0.00 6061.88 2568.05 4507.37 3331.52 5765.10 3980.32 373.39 5917.49 1575.92 4774.85 3984.91 4459.35 1960.20 3870.38 5755.60 4038.44 3088.65 5686.84 2466.50 4926.28 399.98 4834.83 5636.71 3166.81 3341.97 2383.01 3934.93 6975.99 3650.70 6130.31 4063.18 3776.25 3963.53 5827.96 1785.57 5475.24 900.39 2568.22 4296.77 2128.46 5368.29 4713.50 4967.98 3337.90 4214.92 5706.08 4908.57 5520.01 4944.73 4825.50 3548.37 3342.77 1047.72 7018.15 4517.40 5549.67 5830.28 5632.86 4955.86 3294.07 5908.97 6350.93 4228.92 5703.91 3865.95 5053.28 1917.42 3395.44 6323.20 4731.07 4271.62 1539.05 4388.51 6563.91 5117.49 1284.04 4098.07 4934.73 790.48 3705.01 3667.99 3554.38 4306.51 
7896.48 5730.43 8685.31 10346.23 9093.90 4345.04 544.98 5097.16 7533.07 7150.41 12133.63 8465.26 9067.76 10215.81 10597.45 12634.19 8195.54 6867.53 8678.87 8244.38 5407.73 1756.22 9436.31 11459.48 9990.37 6122.14 8554.97 3379.59 7351.56 10629.50 1910.36 6625.47 2752.82 6097.03 10440.91 9297.51 6061.88 0.00 7795.38 8451.56 6773.51 11780.73 6069.36 5760.83 292.58 7347.58 7670.03 7104.07 9589.84 5769.99 3879.83 644.03 9159.18 7329.87 11747.01 4990.17 10861.06 6421.63 8931.99 11691.22 9209.05 8428.66 6888.82 2831.95 1343.91 9703.41 12191.32 9150.77 5768.62 7275.31 11853.24 7301.84 11533.16 6657.18 8630.06 8590.36 6909.27 3713.91 10775.05 5775.58 4677.06 7889.45 9497.66 6701.84 8674.69 10955.26 5823.56 8195.07 3277.66 5139.02 9467.87 9849.56 11536.94 11890.71 11668.81 11017.35 5662.40 11948.18 9532.81 9528.79 892.56 2480.26 11097.16 6345.45 9280.72 8133.53 1447.62 8234.75 7447.05 8902.58 784.26 3450.80 5513.15 4510.05 10730.51 6503.54 6596.28 7169.11 6380.53 5353.07 
1722.58 7243.75 896.03 3104.94 3183.63 3556.46 7992.52 5427.09 2962.89 2260.09 5150.75 7676.09 2960.69 4083.58 3053.87 5595.92 4833.88 2932.48 4245.46 2050.43 7160.25 6103.84 3838.01 4891.96 2393.35 2450.25 3214.06 5872.44 6579.41 4054.46 5887.47 4541.07 5045.74 3510.84 2782.30 1528.52 2568.05 7795.38 0.00 2235.03 5685.30 4381.40 3187.49 2587.48 7585.38 3136.80 7062.93 6319.00 1933.08 2056.03 4471.49 7651.07 5379.91 1219.24 4665.72 5033.05 3322.70 2548.27 2433.70 4527.89 2399.74 774.92 1045.54 5125.29 8402.31 3295.75 5213.49 5427.90 3200.11 6249.86 4487.06 797.68 4698.57 1671.44 2393.95 6142.83 906.98 5817.51 3946.94 7525.93 5898.09 2189.57 3323.73 7388.85 3440.39 4600.03 7379.12 5357.75 4573.95 3513.68 5014.29 2089.16 4065.91 4801.87 5045.80 4069.01 5834.85 5266.94 4130.98 1773.46 7211.18 6019.18 4488.94 1465.68 1862.91 4736.02 6681.38 2046.24 1388.39 1881.56 8111.61 5700.28 2335.06 6651.15 3020.48 1779.26 6127.94 2039.50 6008.57 6871.79 
662.94 9146.13 2160.10 4677.56 970.36 4165.87 8509.09 7281.61 1346.98 4454.67 6622.28 9857.31 783.77 6061.18 4310.99 6984.60 7065.81 5092.75 2117.02 236.96 9017.09 6695.98 1614.25 6620.39 3731.92 2329.61 1031.79 5742.52 8715.04 5874.38 6600.43 3220.97 5881.36 5538.95 3904.05 2757.87 4507.37 8451.56 2235.03 0.00 7793.69 5592.45 2552.54 4393.90 8195.00 5349.89 9207.73 8440.53 1984.58 3059.27 4632.98 8474.48 7607.99 1439.92 6123.46 6861.06 4532.01 4603.76 482.69 5940.20 4374.58 1759.96 2145.18 5619.78 8726.87 5279.40 6681.82 7657.02 2785.76 8390.77 5719.67 2946.42 6311.41 3695.54 4546.33 8370.06 2379.24 5564.17 5657.57 9418.84 7666.95 576.85 1216.51 9415.91 1246.05 6447.56 9287.80 7583.74 5213.83 5255.25 2806.03 2446.76 5237.77 6237.91 6732.38 5693.10 7784.49 6902.59 1899.96 2249.46 7704.32 7219.16 6242.29 2710.57 3583.92 2809.84 7630.16 245.87 3609.93 835.60 8569.67 5582.14 3734.77 8373.64 3961.77 3752.40 8199.99 1282.76 8057.75 8734.09 
7163.02 2146.65 6290.55 6055.01 8763.57 5474.01 7269.63 1682.51 7970.35 3456.65 7009.63 2219.62 8568.10 4882.82 6667.12 7468.84 1942.46 2761.81 9476.24 7572.10 2282.36 6059.63 9396.34 6091.33 6372.75 6487.32 8623.70 7547.38 949.84 5522.07 5669.34 8686.24 5119.30 2280.68 6797.92 6383.81 3331.52 6773.51 5685.30 7793.69 0.00 7275.27 7180.49 3545.74 6772.90 2704.72 1450.57 653.55 7375.12 5211.70 6416.17 6220.86 2712.15 6401.81 6824.58 1888.31 6838.92 3190.20 8081.65 6881.51 5003.22 6414.69 5703.44 5936.40 8033.75 4840.27 7049.23 2679.65 6932.21 666.84 7279.69 4897.52 6398.35 4098.18 4318.24 1828.78 5432.87 7757.82 5860.98 2403.48 2127.99 7536.53 8967.58 1814.25 8846.19 5547.00 2224.80 1635.01 5489.53 2975.66 10349.63 7293.07 7208.69 6942.20 6297.31 6149.66 1156.95 6564.04 9663.58 7063.84 6860.63 4329.23 5867.45 5247.06 5702.35 9616.58 5349.06 7565.20 4341.27 7566.34 7498.92 7436.19 4456.97 2591.39 7140.06 4045.81 529.71 6999.10 574.04 2069.52 
